7.500000000000000000e+01
7.500000000000000000e+01
7.500000000000000000e+01
7.500000000000000000e+01
7.500000000000000000e+01
7.500000000000000000e+01
7.500000000000000000e+01
1.014503906250000114e+02
1.066022888183593977e+02
1.129793823242187614e+02
1.196391983032226562e+02
1.237356887817382898e+02
1.290945495605468807e+02
1.240509094238281307e+02
1.302459716796875000e+02
1.313020446777343864e+02
1.310577819824218864e+02
1.307403106689453125e+02
1.308033416748046989e+02
1.306040008544921989e+02
1.306169860839843864e+02
1.306535552978515682e+02
1.306967926025390625e+02
1.308324707031250114e+02
1.309371948242187500e+02
1.310359527587890511e+02
1.310734344482421818e+02
1.311401855468750171e+02
1.312519989013671875e+02
1.313491424560546932e+02
1.314460754394531250e+02
1.314342132568359318e+02
1.315036407470703068e+02
1.315951507568359489e+02
1.315985214233398324e+02
1.316586196899414176e+02
1.317433883666992074e+02
1.318426437377929688e+02
1.318991561889648665e+02
1.320407241821289119e+02
1.321552551269531364e+02
1.322851333618164062e+02
1.323610809326171989e+02
1.323918472290039290e+02
1.324183822631836165e+02
1.325339111328125341e+02
1.327204589843750000e+02
1.328777099609375227e+02
1.329928466796875171e+02
1.331183105468750227e+02
1.331523681640625227e+02
1.331194091796875227e+02
1.330690917968750000e+02
1.331086425781250000e+02
1.332848632812500114e+02
1.334139892578125171e+02
1.334840087890625000e+02
1.335960678100585994e+02
1.337134536743164119e+02
1.338096054077148551e+02
1.339293090820312386e+02
1.339431411743163949e+02
1.338469894409179801e+02
1.338152130126953239e+02
1.338445220947265568e+02
1.339986938476562557e+02
1.341018737792968807e+02
1.341173507690429574e+02
1.341230331420898381e+02
1.341234069824218693e+02
1.342619522094726676e+02
1.343951141357421761e+02
1.345677947998046875e+02
1.349035644531250000e+02
1.350309753417968750e+02
1.349035644531250000e+02
1.347197723388671875e+02
1.346646118164062500e+02
1.347864532470703125e+02
1.347874450683593750e+02
1.348122406005859375e+02
1.347559356689453125e+02
1.348458099365234375e+02
1.349523162841796875e+02
1.351498413085937500e+02
1.354500579833984375e+02
1.356319137573242131e+02
1.355561950683593864e+02
1.355298141479492244e+02
1.355405532836913949e+02
1.355652999877929688e+02
1.355771286010742074e+02
1.356245208740234602e+02
1.357375930786132869e+02
1.358463851928710824e+02
1.359207809448242301e+02
1.359397689819336108e+02
1.359020263671875171e+02
1.359162673950195312e+02
1.360407012939453182e+02
1.362317489624023494e+02
1.363653656005859602e+02
1.365368286132812443e+02
1.367731994628906307e+02
1.370010803222656364e+02
1.370578918457031250e+02
1.368490539550781193e+02
1.365987182617187727e+02
1.365591247558593864e+02
1.367572509765624886e+02
1.369387145996093693e+02
1.370601928710937614e+02
1.371500915527343807e+02
1.372817260742187386e+02
1.374444641113281307e+02
1.376295745849609489e+02
1.377077774047851619e+02
1.377285614013671875e+02
1.377697250366210824e+02
1.378988769531250114e+02
1.380679794311523665e+02
1.381507110595703125e+02
1.380301315307617358e+02
1.379373718261718977e+02
1.379677795410156591e+02
1.381457778930663949e+02
1.384187194824218636e+02
1.387100036621093864e+02
1.388359069824218750e+02
1.389907318115234318e+02
1.387626556396484432e+02
1.386521606445312500e+02
1.386962432861328125e+02
1.388570007324219091e+02
1.389745819091796761e+02
1.389988067626953239e+02
1.389113006591796875e+02
1.388493377685547046e+02
1.390249267578125227e+02
1.391666503906250227e+02
1.392690704345703239e+02
1.392719543457031364e+02
1.392692352294921818e+02
1.393503143310546761e+02
1.394364196777343636e+02
1.395338745117187500e+02
1.395748291015625000e+02
1.395826339721679688e+02
1.396256866455078125e+02
1.396697463989257812e+02
1.397028961181640625e+02
1.397564392089843750e+02
1.397753219604492188e+02
1.398533706665039062e+02
1.400076217651367188e+02
1.401836929321289062e+02
1.403387832641601562e+02
1.404221191406250000e+02
1.404067611694335938e+02
1.404143142700195312e+02
1.404817047119140625e+02
1.406154541015625057e+02
1.406286987304687557e+02
1.406183593750000114e+02
1.406480957031249943e+02
1.407208129882812671e+02
1.408246337890625171e+02
1.408972656249999886e+02
1.409313598632812727e+02
1.409439208984375114e+02
1.409998046875000171e+02
1.411018310546875227e+02
1.412309448242187671e+02
1.413668945312500114e+02
1.414938720703125057e+02
1.415721939086914176e+02
1.415564514160156477e+02
1.414984008789062386e+02
1.415326202392578239e+02
1.415797607421874886e+02
1.416790863037109602e+02
1.418015472412109261e+02
1.419252258300781193e+02
1.420713439941406477e+02
1.420168106079101449e+02
1.419707138061523324e+02
1.420615158081054688e+02
1.423237457275390625e+02
1.425839080810546875e+02
1.426044403076172102e+02
1.424975219726562727e+02
1.423824539184570312e+02
1.423755828857421761e+02
1.425078857421875114e+02
1.427271026611328182e+02
1.427728576660156250e+02
1.427315277099609432e+02
1.426917022705078182e+02
1.426842681884765511e+02
1.426884277343750114e+02
1.428341003417968977e+02
1.430288909912109432e+02
1.430927886962890625e+02
1.431599609374999886e+02
1.432837738037109432e+02
1.433498840332031250e+02
1.432815612792968807e+02
1.431866882324218864e+02
1.431124359130859602e+02
1.431850067138672102e+02
1.433480255126953011e+02
1.431224365234375000e+02
1.434029846191406250e+02
1.435722839355468921e+02
1.436378234863281307e+02
1.436456558227538949e+02
1.436994018554687500e+02
1.440297103881836165e+02
1.443931488037109432e+02
1.445357055664062500e+02
1.446268920898437500e+02
1.446964721679687500e+02
1.447548828125000000e+02
1.448594360351562500e+02
1.450903320312500000e+02
1.452179565429687500e+02
1.452846984863281250e+02
1.452962341308593750e+02
1.454771423339843750e+02
1.459280471801757528e+02
1.460812545776367131e+02
1.458661499023437500e+02
1.456704055786132699e+02
1.454896850585937500e+02
1.455905441284179460e+02
1.456946990966796704e+02
1.457347229003906079e+02
1.457315582275390398e+02
1.457068923950195085e+02
1.458067657470703011e+02
1.459459182739257699e+02
1.461287246704101506e+02
1.462843521118163892e+02
1.463948364257812500e+02
1.465361907958984489e+02
1.467644714355468807e+02
1.469622894287109602e+02
1.470100646972656193e+02
1.469271911621093807e+02
1.469316375732421989e+02
1.469130004882812841e+02
1.471324829101562557e+02
1.472628479003906534e+02
1.473566955566406307e+02
1.473907531738281307e+02
1.473732513427734432e+02
1.473481811523437841e+02
1.474497863769531421e+02
1.475285095214844091e+02
1.475871490478515966e+02
1.476513641357421989e+02
1.477922912597656477e+02
1.479547515869140568e+02
1.480994277954101790e+02
1.482495834350585824e+02
1.484299240112304688e+02
1.485561523437500000e+02
1.485651367187500114e+02
1.485268554687500000e+02
1.484702987670898438e+02
1.484225219726562557e+02
1.484876022338867188e+02
1.486181640625000000e+02
1.487646484375000000e+02
1.489092773437500057e+02
1.490787109375000341e+02
1.491909179687500000e+02
1.492119140625000000e+02
1.491724609375000341e+02
1.492916992187500114e+02
1.494991210937500057e+02
1.495997695922851562e+02
1.495879669189453125e+02
1.495306396484375000e+02
1.494904296875000114e+02
1.494861328124999886e+02
1.495060424804687500e+02
1.496027450561523438e+02
1.496500549316406250e+02
1.497460632324218750e+02
1.498453445434570312e+02
1.499172515869140625e+02
1.500150451660156250e+02
1.500548171997070312e+02
1.500541229248046875e+02
1.502573471069335938e+02
1.505176605224609432e+02
1.507569931030273551e+02
1.509971313476562500e+02
1.511481933593750000e+02
1.512746322631835767e+02
1.513521774291992301e+02
1.513928131103515398e+02
1.514366210937499773e+02
1.515109169006347543e+02
1.515775222778320312e+02
1.516043586730957031e+02
1.516313995361328182e+02
1.516774559020996094e+02
1.517950248718261719e+02
1.519647842407226506e+02
1.520523986816406250e+02
1.520535232543945199e+02
1.520006172180175952e+02
1.520547500610351506e+02
1.521316810607910099e+02
1.522694412231445540e+02
1.523651832580566463e+02
1.524618965148926009e+02
1.525979064941406023e+02
1.527321197509765796e+02
1.529306121826171818e+02
1.531561859130859489e+02
1.532548095703124886e+02
1.532804382324218864e+02
1.532864044189453239e+02
1.532871307373046932e+02
1.532940826416015625e+02
1.533375061035156364e+02
1.534124725341796989e+02
1.535353897094726676e+02
1.536417808532714844e+02
1.537159019470214787e+02
1.536903701782226790e+02
1.536831581115722543e+02
1.537794944763183480e+02
1.539791160583496321e+02
1.541323066711426009e+02
1.540765579223632926e+02
1.541560485839843864e+02
1.539697456359863281e+02
1.539113647460937386e+02
1.539488990783691520e+02
1.542520164489745866e+02
1.545087280273437500e+02
1.546040039062500000e+02
1.545974349975585938e+02
1.545061111450195312e+02
1.545042953491210938e+02
1.545948715209960938e+02
1.547279052734375000e+02
1.548271331787109375e+02
1.548882293701171875e+02
1.549827575683593750e+02
1.550698623657226562e+02
1.551095428466796875e+02
1.551275939941406250e+02
1.552216415405273438e+02
1.553939819335937500e+02
1.555961059570312273e+02
1.557923049926757528e+02
1.559372604370117017e+02
1.560390434265136719e+02
1.561467849731445483e+02
1.560799949645995923e+02
1.559072509765624943e+02
1.558519447326660270e+02
1.559098510742187500e+02
1.559734992980957031e+02
1.560516647338866960e+02
1.560428894042968579e+02
1.561072959899902344e+02
1.562379508972167628e+02
1.563324211120605582e+02
1.563890274047851392e+02
1.565105468749999886e+02
1.566854492187499943e+02
1.569112182617187727e+02
1.570548645019531193e+02
1.571987854003906477e+02
1.573222167968750114e+02
1.573528686523437443e+02
1.572750305175781307e+02
1.572316345214843807e+02
1.572498168945312500e+02
1.574459777832031477e+02
1.577891769409179688e+02
1.579963607788085938e+02
1.580076110839843864e+02
1.579534759521484659e+02
1.579878395080566520e+02
1.580457618713379020e+02
1.580900390625000114e+02
1.581114257812500341e+02
1.581719100952148551e+02
1.583415557861328296e+02
1.586260726928711051e+02
1.589236602783203125e+02
1.592083190917968523e+02
1.592653411865234432e+02
1.592261596679687727e+02
1.591549667358398494e+02
1.590097579956054688e+02
1.589449447631835994e+02
1.590075561523437671e+02
1.593263153076171932e+02
1.595610427856445312e+02
1.597461509704589844e+02
1.599660491943359375e+02
1.601391410827636719e+02
1.601884078979492188e+02
1.601808547973632812e+02
1.601198005676269531e+02
1.600988578796386719e+02
1.600459289550781250e+02
1.601075553894042969e+02
1.602894020080566406e+02
1.604904174804687500e+02
1.606191314697265682e+02
1.606190734863281193e+02
1.606305541992187500e+02
1.606223205566406307e+02
1.607597412109375057e+02
1.608756500244140852e+02
1.609172821044921875e+02
1.609712066650390625e+02
1.610127227783203239e+02
1.612494689941406136e+02
1.616214569091796989e+02
1.618683090209960938e+02
1.619555473327636719e+02
1.618950973510742131e+02
1.617452941894531193e+02
1.616048904418945540e+02
1.616541786193847656e+02
1.619227668762206918e+02
1.621703239440917912e+02
1.621537574768066463e+02
1.619822181701660213e+02
1.618475715637206918e+02
1.619666503906250057e+02
1.621443580627441463e+02
1.621216819763183707e+02
1.620730400085449219e+02
1.620739212036132812e+02
1.621761985778808821e+02
1.624249305725097656e+02
1.628042434692382869e+02
1.631241058349609432e+02
1.631939697265625000e+02
1.632618698120117244e+02
1.632562164306640682e+02
1.632803771972656364e+02
1.634633087158203466e+02
1.636029891967773438e+02
1.636364402770996094e+02
1.635971427917480412e+02
1.635887046813964787e+02
1.637196762084960824e+02
1.638862686157226562e+02
1.640180236816406136e+02
1.641531539916992415e+02
1.642469978332519531e+02
1.643094398498535327e+02
1.644114807128906364e+02
1.645912475585937500e+02
1.648124389648437500e+02
1.649013061523437500e+02
1.648967285156250000e+02
1.649011840820312500e+02
1.649664916992187500e+02
1.651198730468750000e+02
1.653012084960937500e+02
1.654390258789062500e+02
1.655682388305664006e+02
1.656469696044921989e+02
1.656357841491699219e+02
1.655739860534667969e+02
1.658095603942871321e+02
1.659528701782226392e+02
1.659816680908203352e+02
1.660321571350097543e+02
1.661723152160644759e+02
1.664513954162597429e+02
1.666490356445312386e+02
1.666452194213867415e+02
1.666354598999023722e+02
1.664808113098144418e+02
1.663472038269043196e+02
1.664935089111328352e+02
1.666670532226562500e+02
1.667257980346679744e+02
1.667760971069336051e+02
1.668176376342773324e+02
1.669156707763672216e+02
1.670873382568359489e+02
1.672926635742187500e+02
1.674503173828125000e+02
1.674995529174804858e+02
1.674444366455078352e+02
1.674304855346679801e+02
1.675037910461425952e+02
1.678188911437988224e+02
1.680727569580078296e+02
1.682633621215820767e+02
1.684147064208984546e+02
1.685063995361328182e+02
1.685751007080078239e+02
1.686219482421875000e+02
1.686282287597656477e+02
1.686429687499999943e+02
1.686852661132812443e+02
1.687382659912109375e+02
1.688881011962890568e+02
1.691627777099609489e+02
1.693844543457031193e+02
1.694760345458984716e+02
1.695007720947265852e+02
1.694756500244140796e+02
1.694512969970703011e+02
1.695783996582031250e+02
1.698107566833496094e+02
1.700051765441894531e+02
1.701381835937500000e+02
1.701347465515136719e+02
1.701230735778808594e+02
1.701459655761718750e+02
1.701955757141113281e+02
1.703143806457519531e+02
1.705170471191406136e+02
1.706606079101562443e+02
1.707399993896484318e+02
1.707531219482421818e+02
1.708279861450195369e+02
1.711233093261718636e+02
1.714319519042969091e+02
1.715120231628418139e+02
1.715169349670410384e+02
1.714740097045898608e+02
1.713921905517578068e+02
1.714749938964843921e+02
1.716249946594238622e+02
1.717781898498535611e+02
1.718865814208984659e+02
1.719483108520508097e+02
1.719692192077636719e+02
1.720487373352050895e+02
1.720624107360839901e+02
1.720557731628418026e+02
1.721152458190917969e+02
1.722291465759277287e+02
1.725007751464843864e+02
1.729124023437500171e+02
1.735480499267578125e+02
1.737509399414062727e+02
1.736452850341796932e+02
1.735114509582519418e+02
1.734026489257812500e+02
1.733314147949218977e+02
1.733387329101562671e+02
1.734045288085937386e+02
1.734895935058594034e+02
1.736211120605468921e+02
1.737129150390624943e+02
1.738607368469238281e+02
1.741227012634277003e+02
1.744260177612304688e+02
1.746002502441406250e+02
1.745791015625000000e+02
1.745232086181640625e+02
1.745617294311523438e+02
1.747472610473632812e+02
1.749310760498046875e+02
1.749665756225585938e+02
1.748971557617187500e+02
1.748357696533203125e+02
1.748508758544921875e+02
1.749079360961914062e+02
1.751466827392578125e+02
1.753929138183593750e+02
1.754041748046875000e+02
1.753223266601562500e+02
1.752314834594726562e+02
1.751810150146484375e+02
1.753773956298828125e+02
1.756156784057617131e+02
1.757341911315917855e+02
1.757174591064452898e+02
1.757510620117187443e+02
1.757944541931152287e+02
1.759899620056152116e+02
1.763275878906250114e+02
1.765871551513671989e+02
1.766724365234375114e+02
1.766393066406250227e+02
1.764819946289062500e+02
1.764782455444336051e+02
1.768506500244140796e+02
1.774175781250000057e+02
1.775273216247558423e+02
1.773868347167968693e+02
1.771894592285156023e+02
1.771601898193359546e+02
1.773458435058593921e+02
1.776466651916504134e+02
1.778356140136718864e+02
1.778842170715332429e+02
1.778386650085449219e+02
1.778161018371582145e+02
1.778572547912597770e+02
1.780798355102539290e+02
1.784448905944824446e+02
1.786885253906249886e+02
1.786695922851562557e+02
1.785392837524414062e+02
1.785181991577148324e+02
1.787380813598632585e+02
1.791203292846679744e+02
1.794645675659179744e+02
1.794898834228515625e+02
1.793353347778320312e+02
1.791512390136718693e+02
1.791429199218750057e+02
1.792907989501952954e+02
1.795364036560058594e+02
1.797436943054199219e+02
1.799304733276367188e+02
1.800407142639160156e+02
1.800993499755859375e+02
1.802022705078125000e+02
1.803839035034179688e+02
1.805843017578125114e+02
1.806968017578125227e+02
1.807537841796875000e+02
1.808502441406250227e+02
1.809954101562500171e+02
1.813447753906249886e+02
1.816864486694336165e+02
1.817610458374023779e+02
1.816170318603515739e+02
1.814328857421874943e+02
1.812724853515625227e+02
1.812880859375000000e+02
1.814555908203125227e+02
1.815129806518554574e+02
1.815695945739746264e+02
1.815785491943359489e+02
1.816749778747558821e+02
1.818311286926269474e+02
1.820001564025878906e+02
1.821714042663574276e+02
1.823223007202148551e+02
1.824561759948730639e+02
1.824451492309570426e+02
1.824797096252441406e+02
1.826081802368164233e+02
1.828342788696289176e+02
1.829676651000976619e+02
1.830620971679687727e+02
1.831326034545898551e+02
1.831478561401367244e+02
1.832343627929687386e+02
1.832756347656250000e+02
1.834262924194336222e+02
1.835014968872070540e+02
1.835425102233886605e+02
1.836468940734863224e+02
1.838122314453125057e+02
1.840144279479980582e+02
1.842627738952636776e+02
1.844597587585449219e+02
1.844722213745117188e+02
1.843445739746093750e+02
1.842369422912597656e+02
1.842907958984375227e+02
1.846237182617187500e+02
1.850354003906250000e+02
1.851477813720703125e+02
1.851521301269531250e+02
1.850949859619140625e+02
1.850022888183593750e+02
1.850524139404296875e+02
1.852357482910156250e+02
1.854830932617187500e+02
1.856654861450195426e+02
1.857955581665039233e+02
1.858778549194336165e+02
1.859338752746581918e+02
1.860598632812500171e+02
1.862267684936523722e+02
1.863445114135742244e+02
1.863680908203125171e+02
1.864207977294921932e+02
1.865537826538086108e+02
1.867393829345703011e+02
1.868609375000000057e+02
1.869647491455078239e+02
1.870729965209960994e+02
1.871574310302734432e+02
1.871568862915039233e+02
1.873371948242187557e+02
1.876457344055175724e+02
1.879643875122070540e+02
1.881034004211425668e+02
1.880219886779784986e+02
1.879179450988769418e+02
1.879978637695312500e+02
1.882552223205566406e+02
1.885611877441406250e+02
1.887539978027343750e+02
1.886341857910156250e+02
1.884079872131347884e+02
1.881743606567382869e+02
1.881391555786132699e+02
1.884465713500976562e+02
1.888985656738281023e+02
1.889616455078124773e+02
1.891091491699218636e+02
1.892234863281250057e+02
1.893190185546874886e+02
1.893818603515625227e+02
1.893559936523437557e+02
1.894832000732421875e+02
1.895086746215820312e+02
1.896239509582519531e+02
1.899074554443359375e+02
1.902286109924316406e+02
1.903713645935058594e+02
1.903265037536621094e+02
1.902782783508300781e+02
1.902033767700195312e+02
1.901925621032714844e+02
1.902828445434570312e+02
1.904755058288574219e+02
1.906257736206054858e+02
1.905689208984375114e+02
1.904639701843261719e+02
1.904408187866210938e+02
1.906179290771484602e+02
1.909180435180663835e+02
1.912068359375000171e+02
1.913734313964843921e+02
1.913577423095703125e+02
1.911980209350585938e+02
1.911818466186523438e+02
1.914500976562500227e+02
1.918548866271972599e+02
1.920483604431152287e+02
1.920647689819335824e+02
1.919775833129882585e+02
1.919852569580077954e+02
1.922033027648925838e+02
1.926317260742187329e+02
1.928639221191406250e+02
1.928442291259765682e+02
1.927054718017578239e+02
1.926537261962890568e+02
1.928525512695312614e+02
1.932497894287109261e+02
1.935768157958984546e+02
1.936000175476074219e+02
1.934831390380859375e+02
1.934289215087890739e+02
1.936953193664551236e+02
1.941427223205566577e+02
1.943874633789062614e+02
1.943783157348632926e+02
1.941118698120117188e+02
1.939212661743164006e+02
1.939615989685058821e+02
1.941499572753906193e+02
1.944019332885742415e+02
1.945778503417968750e+02
1.946569061279296875e+02
1.946122589111328125e+02
1.946860275268554688e+02
1.949527359008789062e+02
1.952562026977539062e+02
1.955069190979004077e+02
1.956226852416992301e+02
1.957497146606445426e+02
1.958850433349609546e+02
1.960418823242187614e+02
1.962651153564453352e+02
1.964945304870605582e+02
1.965696533203125114e+02
1.965454711914062500e+02
1.964924133300781364e+02
1.965701660156250057e+02
1.967731933593750284e+02
1.969669067382812671e+02
1.970330444335937443e+02
1.970282592773437500e+02
1.969835693359374886e+02
1.970127929687500057e+02
1.971936889648437443e+02
1.974704589843750284e+02
1.976379554748535270e+02
1.976287307739257812e+02
1.976470939636230639e+02
1.978020172119140625e+02
1.981985931396484375e+02
1.987304885864257926e+02
1.988023300170898438e+02
1.986368164062500057e+02
1.984612815856933423e+02
1.983803283691406136e+02
1.985522766113281250e+02
1.990128097534179688e+02
1.992295516967773210e+02
1.991855422973632983e+02
1.991009155273437727e+02
1.991117874145508040e+02
1.992657333374023665e+02
1.997208328247070312e+02
1.998380508422851562e+02
1.996957397460937500e+02
1.996300239562988281e+02
1.996339721679687500e+02
1.998546333312988281e+02
2.001467132568359375e+02
2.002847251892089844e+02
2.003135910034179688e+02
2.002224311828613281e+02
2.003137664794921875e+02
2.005016136169433594e+02
2.008317108154296875e+02
2.010865051269531421e+02
2.011459777832031364e+02
2.010963287353515625e+02
2.009569396972656250e+02
2.008587921142578239e+02
2.010030487060546989e+02
2.012460723876953352e+02
2.014914855957031534e+02
2.017611587524414176e+02
2.019029098510742415e+02
2.021054496765136719e+02
2.022692489624023438e+02
2.023341438293456918e+02
2.023247711181640796e+02
2.023644042968749943e+02
2.024629516601562500e+02
2.026795059204101790e+02
2.029020523071289119e+02
2.031159561157226676e+02
2.031488159179687614e+02
2.031065032958984489e+02
2.030225982666015625e+02
2.029223983764648551e+02
2.030849868774413949e+02
2.034134048461914119e+02
2.036003189086914062e+02
2.036589691162109261e+02
2.036566993713378793e+02
2.035349502563476562e+02
2.036502532958984375e+02
2.039249832153320199e+02
2.039973426818847884e+02
2.038390052795410270e+02
2.036925613403320199e+02
2.037455825805664062e+02
2.040322059631347713e+02
2.043390754699706804e+02
2.044951431274414233e+02
2.045476989746093750e+02
2.045709533691406250e+02
2.046856689453125000e+02
2.049738769531250000e+02
2.052263793945312500e+02
2.052497253417968750e+02
2.051277770996093750e+02
2.050428161621093750e+02
2.051300659179687500e+02
2.053414611816406250e+02
2.055825500488281534e+02
2.057977378845214957e+02
2.058904228210449219e+02
2.059443351745605355e+02
2.061210273742675838e+02
2.063596633911132869e+02
2.065645751953125000e+02
2.066484390258789006e+02
2.065871002197265511e+02
2.065975250244140398e+02
2.067876846313476449e+02
2.070624526977538835e+02
2.073751968383789119e+02
2.074873565673827898e+02
2.074900558471679517e+02
2.075029937744140511e+02
2.075347991943359602e+02
2.078571449279785099e+02
2.081613792419434219e+02
2.081857780456543310e+02
2.080923118591308878e+02
2.080272796630859489e+02
2.081607223510742415e+02
2.084631736755370923e+02
2.086733673095703239e+02
2.087461181640624943e+02
2.086594604492187273e+02
2.086401611328125227e+02
2.087990966796874943e+02
2.091244415283203466e+02
2.092627532958984489e+02
2.092674835205078239e+02
2.091858398437500171e+02
2.091254821777344262e+02
2.092818634033203580e+02
2.096832084655761719e+02
2.099118041992187500e+02
2.100586700439453125e+02
2.097315597534179688e+02
2.097990798950195312e+02
2.101005363464355469e+02
2.104670333862304688e+02
2.105678268432617415e+02
2.105742675781250171e+02
2.105390838623046932e+02
2.107676818847656364e+02
2.114813537597656818e+02
2.114231948852539062e+02
2.120037643432617074e+02
2.118799346923827898e+02
2.118791595458984318e+02
2.122280723571777230e+02
2.140083557128906193e+02
2.232442947387695540e+02
nan
nan
3.758013916015625000e+01
4.442687988281250000e+01
4.684973144531250000e+01
6.394116210937500000e+01
7.324194335937500000e+01
